Enter initial state (3x3 matrix, use 0 for blank):
 1 2 3
 4 5 0 
 6 7 8

Solution Path (as matrices):

(1, 2, 3)
(4, 5, 0)
(6, 7, 8)

Move: L
(1, 2, 3)
(4, 0, 5)
(6, 7, 8)

Move: L
(1, 2, 3)
(0, 4, 5)
(6, 7, 8)

Move: D
(1, 2, 3)
(6, 4, 5)
(0, 7, 8)

Move: R
(1, 2, 3)
(6, 4, 5)
(7, 0, 8)

Move: R
(1, 2, 3)
(6, 4, 5)
(7, 8, 0)

Move: U
(1, 2, 3)
(6, 4, 0)
(7, 8, 5)

Move: L
(1, 2, 3)
(6, 0, 4)
(7, 8, 5)

Move: L
(1, 2, 3)
(0, 6, 4)
(7, 8, 5)

Move: D
(1, 2, 3)
(7, 6, 4)
(0, 8, 5)

Move: R
(1, 2, 3)
(7, 6, 4)
(8, 0, 5)

Move: R
(1, 2, 3)
(7, 6, 4)
(8, 5, 0)

Move: U
(1, 2, 3)
(7, 6, 0)
(8, 5, 4)

Move: L
(1, 2, 3)
(7, 0, 6)
(8, 5, 4)

Move: L
(1, 2, 3)
(0, 7, 6)
(8, 5, 4)

Move: D
(1, 2, 3)
(8, 7, 6)
(0, 5, 4)

Move: R
(1, 2, 3)
(8, 7, 6)
(5, 0, 4)

Move: R
(1, 2, 3)
(8, 7, 6)
(5, 4, 0)

Move: U
(1, 2, 3)
(8, 7, 0)
(5, 4, 6)

Move: L
(1, 2, 3)
(8, 0, 7)
(5, 4, 6)

Move: L
(1, 2, 3)
(0, 8, 7)
(5, 4, 6)

Move: D
(1, 2, 3)
(5, 8, 7)
(0, 4, 6)

Move: R
(1, 2, 3)
(5, 8, 7)
(4, 0, 6)

Move: R
(1, 2, 3)
(5, 8, 7)
(4, 6, 0)

Move: U
(1, 2, 3)
(5, 8, 0)
(4, 6, 7)

Move: L
(1, 2, 3)
(5, 0, 8)
(4, 6, 7)

Move: L
(1, 2, 3)
(0, 5, 8)
(4, 6, 7)

Move: D
(1, 2, 3)
(4, 5, 8)
(0, 6, 7)

Move: R
(1, 2, 3)
(4, 5, 8)
(6, 0, 7)

Move: U
(1, 2, 3)
(4, 0, 8)
(6, 5, 7)

Move: R
(1, 2, 3)
(4, 8, 0)
(6, 5, 7)

Move: D
(1, 2, 3)
(4, 8, 7)
(6, 5, 0)

Move: L
(1, 2, 3)
(4, 8, 7)
(6, 0, 5)

Move: L
(1, 2, 3)
(4, 8, 7)
(0, 6, 5)

Move: U
(1, 2, 3)
(0, 8, 7)
(4, 6, 5)

Move: R
(1, 2, 3)
(8, 0, 7)
(4, 6, 5)

Move: R
(1, 2, 3)
(8, 7, 0)
(4, 6, 5)

Move: D
(1, 2, 3)
(8, 7, 5)
(4, 6, 0)

Move: L
(1, 2, 3)
(8, 7, 5)
(4, 0, 6)

Move: L
(1, 2, 3)
(8, 7, 5)
(0, 4, 6)

Move: U
(1, 2, 3)
(0, 7, 5)
(8, 4, 6)

Move: R
(1, 2, 3)
(7, 0, 5)
(8, 4, 6)

Move: R
(1, 2, 3)
(7, 5, 0)
(8, 4, 6)

Move: D
(1, 2, 3)
(7, 5, 6)
(8, 4, 0)

Move: L
(1, 2, 3)
(7, 5, 6)
(8, 0, 4)

Move: L
(1, 2, 3)
(7, 5, 6)
(0, 8, 4)

Move: U
(1, 2, 3)
(0, 5, 6)
(7, 8, 4)

Move: R
(1, 2, 3)
(5, 0, 6)
(7, 8, 4)

Move: R
(1, 2, 3)
(5, 6, 0)
(7, 8, 4)

Move: D
(1, 2, 3)
(5, 6, 4)
(7, 8, 0)

Move: L
(1, 2, 3)
(5, 6, 4)
(7, 0, 8)

Move: L
(1, 2, 3)
(5, 6, 4)
(0, 7, 8)

Move: U
(1, 2, 3)
(0, 6, 4)
(5, 7, 8)

Move: R
(1, 2, 3)
(6, 0, 4)
(5, 7, 8)

Move: R
(1, 2, 3)
(6, 4, 0)
(5, 7, 8)

Move: D
(1, 2, 3)
(6, 4, 8)
(5, 7, 0)

Move: L
(1, 2, 3)
(6, 4, 8)
(5, 0, 7)

Move: L
(1, 2, 3)
(6, 4, 8)
(0, 5, 7)

Move: U
(1, 2, 3)
(0, 4, 8)
(6, 5, 7)

Move: U
(0, 2, 3)
(1, 4, 8)
(6, 5, 7)

Move: R
(2, 0, 3)
(1, 4, 8)
(6, 5, 7)

Move: R
(2, 3, 0)
(1, 4, 8)
(6, 5, 7)

Move: D
(2, 3, 8)
(1, 4, 0)
(6, 5, 7)

Move: L
(2, 3, 8)
(1, 0, 4)
(6, 5, 7)

Move: U
(2, 0, 8)
(1, 3, 4)
(6, 5, 7)

Move: R
(2, 8, 0)
(1, 3, 4)
(6, 5, 7)

Move: D
(2, 8, 4)
(1, 3, 0)
(6, 5, 7)

Move: L
(2, 8, 4)
(1, 0, 3)
(6, 5, 7)

Move: D
(2, 8, 4)
(1, 5, 3)
(6, 0, 7)

Move: R
(2, 8, 4)
(1, 5, 3)
(6, 7, 0)

Move: U
(2, 8, 4)
(1, 5, 0)
(6, 7, 3)

Move: L
(2, 8, 4)
(1, 0, 5)
(6, 7, 3)

Move: U
(2, 0, 4)
(1, 8, 5)
(6, 7, 3)

Move: R
(2, 4, 0)
(1, 8, 5)
(6, 7, 3)

Move: D
(2, 4, 5)
(1, 8, 0)
(6, 7, 3)

Move: D
(2, 4, 5)
(1, 8, 3)
(6, 7, 0)

Move: L
(2, 4, 5)
(1, 8, 3)
(6, 0, 7)

Move: L
(2, 4, 5)
(1, 8, 3)
(0, 6, 7)

Move: U
(2, 4, 5)
(0, 8, 3)
(1, 6, 7)

Move: U
(0, 4, 5)
(2, 8, 3)
(1, 6, 7)

Move: R
(4, 0, 5)
(2, 8, 3)
(1, 6, 7)

Move: R
(4, 5, 0)
(2, 8, 3)
(1, 6, 7)

Move: D
(4, 5, 3)
(2, 8, 0)
(1, 6, 7)

Move: L
(4, 5, 3)
(2, 0, 8)
(1, 6, 7)

Move: D
(4, 5, 3)
(2, 6, 8)
(1, 0, 7)

Move: R
(4, 5, 3)
(2, 6, 8)
(1, 7, 0)

Move: U
(4, 5, 3)
(2, 6, 0)
(1, 7, 8)

Move: L
(4, 5, 3)
(2, 0, 6)
(1, 7, 8)

Move: U
(4, 0, 3)
(2, 5, 6)
(1, 7, 8)

Move: L
(0, 4, 3)
(2, 5, 6)
(1, 7, 8)

Move: D
(2, 4, 3)
(0, 5, 6)
(1, 7, 8)

Move: D
(2, 4, 3)
(1, 5, 6)
(0, 7, 8)

Move: R
(2, 4, 3)
(1, 5, 6)
(7, 0, 8)

Move: U
(2, 4, 3)
(1, 0, 6)
(7, 5, 8)

Move: U
(2, 0, 3)
(1, 4, 6)
(7, 5, 8)

Move: L
(0, 2, 3)
(1, 4, 6)
(7, 5, 8)

Move: D
(1, 2, 3)
(0, 4, 6)
(7, 5, 8)

Move: R
(1, 2, 3)
(4, 0, 6)
(7, 5, 8)

Move: D
(1, 2, 3)
(4, 5, 6)
(7, 0, 8)

Move: R
(1, 2, 3)
(4, 5, 6)
(7, 8, 0)

moves = 99
